E 0 0 -1
V 0 0 1 0 1 0
F 50
R 200 200

// ==========================================
// PBR 材質格式: M r g b roughness metallic eta
// ==========================================

// 地板 (些微反光的灰色水泥地)
M 0.2 0.2 0.2 0.3 0.0 0.0
T -0.5 -0.5 -1.1     -0.5 -0.5 1.0   0.5 -0.5 1.0
T -0.5 -0.5 -1.1     0.5  -0.5 -1.1   0.5 -0.5 1.0

// 右牆 (紅色消光牆面)
M 1.0 0.0 0.0 1.0 0.0 0.0
T -0.5 -0.5 1.0     -0.5 -0.5 -1.1   -0.5 0.5 1.0
T -0.5 0.5 1.0      -0.5 -0.5 -1.1   -0.5 0.5 -1.1

// 左牆 (綠色消光牆面)
M 0.0 1.0 0.0 1.0 0.0 0.0
T 0.5 -0.5 -1.1      0.5 -0.5 1.0    0.5 0.5 1.0
T 0.5 -0.5 -1.1      0.5 0.5 1.0     0.5 0.5 -1.1

// 後牆 (完美鏡子: 粗糙度0, 金屬度1)
M 1.0 1.0 1.0 0.0 1.0 0.0
T 0.5 -0.5 1.0      -0.5 -0.5 1.0   -0.5 0.5 1.0      
T 0.5 -0.5 1.0     -0.5 0.5 1.0   0.5 0.5 1.0 

// 前牆 (灰色消光牆面)
M 0.3 0.3 0.3 1.0 0.0 0.0
T 0.5 -0.5 -1.1      -0.5 -0.5 -1.1   -0.5 0.5 -1.1      
T 0.5 -0.5 -1.1     -0.5 0.5 -1.1   0.5 0.5 -1.1  

// 天花板 (灰色消光)
M 0.2 0.2 0.2 1.0 0.0 0.0
T -0.5 0.5 -1.1     -0.5 0.5 1.0   0.5 0.5 1.0
T -0.5 0.5 -1.1     0.5  0.5 -1.1   0.5 0.5 1.0

// 小盒子 1 (拋光黃銅/金屬: 稍微粗糙)
M 0.8 0.7 0.2 0.2 0.9 0.0
T -0.05 -0.5 0.1   0.1 -0.5 0.187   0.1 -0.4 0.187
T -0.05 -0.5 0.1   0.1 -0.4 0.187   -0.05 -0.4 0.1
T 0.1 -0.5 0.187   0.15 -0.5 0.1   0.15 -0.4 0.1
T 0.1 -0.5 0.187   0.15 -0.4 0.1   0.1 -0.4 0.187
T 0.15 -0.5 0.1   0.0 -0.5 0.013   0.0 -0.4 0.013
T 0.15 -0.5 0.1   0.0 -0.4 0.013   0.15 -0.4 0.1
T 0.0 -0.5 0.013   -0.05 -0.5 0.1   -0.05 -0.4 0.1
T 0.0 -0.5 0.013   -0.05 -0.4 0.1   0.0 -0.4 0.013
T -0.05 -0.4 0.1   0.0 -0.4 0.013   0.15 -0.4 0.1
T -0.05 -0.4 0.1   0.15 -0.4 0.1   0.1 -0.4 0.187
T -0.05 -0.5 0.1   0.1 -0.5 0.187   0.15 -0.5 0.1
T -0.05 -0.5 0.1   0.15 -0.5 0.1   0.0 -0.5 0.013

// 小盒子 2 (拋光黃銅/金屬)
M 0.8 0.7 0.2 0.2 0.9 0.0
T 0.0834 -0.5 0.2898   0.2160 -0.5 0.4016   0.2160 -0.4 0.4016
T 0.0834 -0.5 0.2898   0.2160 -0.4 0.4016   0.0834 -0.4 0.2898
T 0.2160 -0.5 0.4016   0.2804 -0.5 0.3245   0.2804 -0.4 0.3245
T 0.2160 -0.5 0.4016   0.2804 -0.4 0.3245   0.2160 -0.4 0.4016
T 0.2804 -0.5 0.3245   0.1477 -0.5 0.2128   0.1477 -0.4 0.2128
T 0.2804 -0.5 0.3245   0.1477 -0.4 0.2128   0.2804 -0.4 0.3245
T 0.1477 -0.5 0.2128   0.0834 -0.5 0.2898   0.0834 -0.4 0.2898
T 0.1477 -0.5 0.2128   0.0834 -0.4 0.2898   0.1477 -0.4 0.2128
T 0.0834 -0.4 0.2898   0.1477 -0.4 0.2128   0.2804 -0.4 0.3245
T 0.0834 -0.4 0.2898   0.2804 -0.4 0.3245   0.2160 -0.4 0.4016
T 0.0834 -0.5 0.2898   0.2160 -0.5 0.4016   0.2804 -0.5 0.3245
T 0.0834 -0.5 0.2898   0.2804 -0.5 0.3245   0.1477 -0.5 0.2128

G 1
// 圓球 1 (偏青色的塑膠感: 粗糙度 0.6)
M 0.1 0.4 0.4 0.6 0.0 0.0
S 0.4 0.2 0.7 0.10000
S 0.2 -0.4 0.6 0.10000

// 圓球 2 (金色亮面微平面: 金屬度 0.8, 粗糙度 0.3)
M 0.9 0.75 0.1 0.3 0.8 0.0
S -0.3 0.0 0.3 0.15000

// 圓球 3 (完美純淨玻璃: 白色透光, eta 1.5)
M 1.0 1.0 1.0 0.0 0.0 1.5
S 0.2 0.0 -0.0 0.15000

// 圓球 4 (高折射率鑽石: eta 2.4)
M 1.0 1.0 1.0 0.0 0.0 2.4
S -0.2 -0.375 0.3 0.1000


// L x y z x y z r g b cutoff is_parallel light_ball_r
//   pos   dir
L 0  0.49 0        0 -1 0      1 1 1    180   0 0.1
L -0.49 0 0.1      1 -3 0      0 1 1    50    0 0.075
L 0.49 0.49 0.3   -1 -1 0      1 1 0    30    0 0.075
L -0.49 0.49 0     0 -1 0      1 0 1    30    0 0.075